Weights Layer 1:
-7.028506491318735243e+02 7.258956284273267556e+03 -1.747907369745576754e+07 -1.225064170904249113e+04
1.053484496171793126e+03 -4.107262539211913008e+02 -1.744029770651693642e+07 6.687226001055027882e+04

Weights Layer 2:
2.545265094159011809e+01 2.575104643785291714e+01 2.560221365261355331e+01 2.629116418225417107e+01
2.141086661136355906e+04 2.309623670739814770e+04 2.230837268336829220e+04 2.540242016505417996e+04
2.387255663033091696e+05 2.519203070263608533e+05 2.460702359121602203e+05 2.699033356381165795e+05
1.397203802431820350e+02 1.483129212312776986e+02 1.443372923112654007e+02 1.599785306642326930e+02

Weights Layer 3:
8.383694559942758083e+08 1.089145798482653856e+09 1.751319969769574642e+09
8.383694559942758083e+08 1.089145798482653856e+09 1.751319969769574642e+09
8.383694559942758083e+08 1.089145798482653856e+09 1.751319969769574642e+09
8.383694559942758083e+08 1.089145798482653856e+09 1.751319969769574642e+09
